100 100 6.64 100 100 100 100
100 1 100 1 100 1 100
100 100 100 100 100 1 1
100 100 1 100 100 100 1
100 100 1 100 1 100 1
100 100 1 100 100 1 1
100 100 1 1 1 1 1
200 200 7.64 200 200 200 200
200 1 200 1 200 1 200
200 200 200 200 200 1 1
200 200 1 200 200 200 1
200 200 1 200 1 200 1
200 200 1 200 200 1 1
200 200 1 1 1 1 1
300 300 8.23 300 300 300 300
300 1 300 1 300 1 300
300 300 300 300 300 1 1
300 300 1 300 300 300 1
300 300 1 300 1 300 1
300 300 1 300 300 1 1
300 300 1 1 1 1 1
400 400 8.64 400 400 400 400
400 1 400 1 400 1 400
400 400 400 400 400 1 1
400 400 1 400 400 400 1
400 400 1 400 1 400 1
400 400 1 400 400 1 1
400 400 1 1 1 1 1
500 500 8.97 500 500 500 500
500 1 500 1 500 1 500
500 500 500 500 500 1 1
500 500 1 500 500 500 1
500 500 1 500 1 500 1
500 500 1 500 500 1 1
500 500 1 1 1 1 1
600 600 9.23 600 600 600 600
600 1 600 1 600 1 600
600 600 600 600 600 1 1
600 600 1 600 600 600 1
600 600 1 600 1 600 1
600 600 1 600 600 1 1
600 600 1 1 1 1 1
700 700 9.45 700 700 700 700
700 1 700 1 700 1 700
700 700 700 700 700 1 1
700 700 1 700 700 700 1
700 700 1 700 1 700 1
700 700 1 700 700 1 1
700 700 1 1 1 1 1
800 800 9.64 800 800 800 800
800 1 800 1 800 1 800
800 800 800 800 800 1 1
800 800 1 800 800 800 1
800 800 1 800 1 800 1
800 800 1 800 800 1 1
800 800 1 1 1 1 1
900 900 9.81 900 900 900 900
900 1 900 1 900 1 900
900 900 900 900 900 1 1
900 900 1 900 900 900 1
900 900 1 900 1 900 1
900 900 1 900 900 1 1
900 900 1 1 1 1 1
1000 1000 9.97 1000 1000 1000 1000
1000 1 1000 1 1000 1 1000
1000 1000 1000 1000 1000 1 1
1000 1000 1 1000 1000 1000 1
1000 1000 1 1000 1 1000 1
1000 1000 1 1000 1000 1 1
1000 1000 1 1 1 1 1
1100 1100 10.10 1100 1100 1100 1100
1100 1 1100 1 1100 1 1100
1100 1100 1100 1100 1100 1 1
1100 1100 1 1100 1100 1100 1
1100 1100 1 1100 1 1100 1
1100 1100 1 1100 1100 1 1
1100 1100 1 1 1 1 1
1200 1200 10.23 1200 1200 1200 1200
1200 1 1200 1 1200 1 1200
1200 1200 1200 1200 1200 1 1
1200 1200 1 1200 1200 1200 1
1200 1200 1 1200 1 1200 1
1200 1200 1 1200 1200 1 1
1200 1200 1 1 1 1 1
1300 1300 10.34 1300 1300 1300 1300
1300 1 1300 1 1300 1 1300
1300 1300 1300 1300 1300 1 1
1300 1300 1 1300 1300 1300 1
1300 1300 1 1300 1 1300 1
1300 1300 1 1300 1300 1 1
1300 1300 1 1 1 1 1
1400 1400 10.45 1400 1400 1400 1400
1400 1 1400 1 1400 1 1400
1400 1400 1400 1400 1400 1 1
1400 1400 1 1400 1400 1400 1
1400 1400 1 1400 1 1400 1
1400 1400 1 1400 1400 1 1
1400 1400 1 1 1 1 1
1500 1500 10.55 1500 1500 1500 1500
1500 1 1500 1 1500 1 1500
1500 1500 1500 1500 1500 1 1
1500 1500 1 1500 1500 1500 1
1500 1500 1 1500 1 1500 1
1500 1500 1 1500 1500 1 1
1500 1500 1 1 1 1 1
1600 1600 10.64 1600 1600 1600 1600
1600 1 1600 1 1600 1 1600
1600 1600 1600 1600 1600 1 1
1600 1600 1 1600 1600 1600 1
1600 1600 1 1600 1 1600 1
1600 1600 1 1600 1600 1 1
1600 1600 1 1 1 1 1
1700 1700 10.73 1700 1700 1700 1700
1700 1 1700 1 1700 1 1700
1700 1700 1700 1700 1700 1 1
1700 1700 1 1700 1700 1700 1
1700 1700 1 1700 1 1700 1
1700 1700 1 1700 1700 1 1
1700 1700 1 1 1 1 1
1800 1800 10.81 1800 1800 1800 1800
1800 1 1800 1 1800 1 1800
1800 1800 1800 1800 1800 1 1
1800 1800 1 1800 1800 1800 1
1800 1800 1 1800 1 1800 1
1800 1800 1 1800 1800 1 1
1800 1800 1 1 1 1 1
1900 1900 10.89 1900 1900 1900 1900
1900 1 1900 1 1900 1 1900
1900 1900 1900 1900 1900 1 1
1900 1900 1 1900 1900 1900 1
1900 1900 1 1900 1 1900 1
1900 1900 1 1900 1900 1 1
1900 1900 1 1 1 1 1
2000 2000 10.97 2000 2000 2000 2000
2000 1 2000 1 2000 1 2000
2000 2000 2000 2000 2000 1 1
2000 2000 1 2000 2000 2000 1
2000 2000 1 2000 1 2000 1
2000 2000 1 2000 2000 1 1
2000 2000 1 1 1 1 1
2100 2100 11.04 2100 2100 2100 2100
2100 1 2100 1 2100 1 2100
2100 2100 2100 2100 2100 1 1
2100 2100 1 2100 2100 2100 1
2100 2100 1 2100 1 2100 1
2100 2100 1 2100 2100 1 1
2100 2100 1 1 1 1 1
2200 2200 11.10 2200 2200 2200 2200
2200 1 2200 1 2200 1 2200
2200 2200 2200 2200 2200 1 1
2200 2200 1 2200 2200 2200 1
2200 2200 1 2200 1 2200 1
2200 2200 1 2200 2200 1 1
2200 2200 1 1 1 1 1
2300 2300 11.17 2300 2300 2300 2300
2300 1 2300 1 2300 1 2300
2300 2300 2300 2300 2300 1 1
2300 2300 1 2300 2300 2300 1
2300 2300 1 2300 1 2300 1
2300 2300 1 2300 2300 1 1
2300 2300 1 1 1 1 1
2400 2400 11.23 2400 2400 2400 2400
2400 1 2400 1 2400 1 2400
2400 2400 2400 2400 2400 1 1
2400 2400 1 2400 2400 2400 1
2400 2400 1 2400 1 2400 1
2400 2400 1 2400 2400 1 1
2400 2400 1 1 1 1 1
2500 2500 11.29 2500 2500 2500 2500
2500 1 2500 1 2500 1 2500
2500 2500 2500 2500 2500 1 1
2500 2500 1 2500 2500 2500 1
2500 2500 1 2500 1 2500 1
2500 2500 1 2500 2500 1 1
2500 2500 1 1 1 1 1
2600 2600 11.34 2600 2600 2600 2600
2600 1 2600 1 2600 1 2600
2600 2600 2600 2600 2600 1 1
2600 2600 1 2600 2600 2600 1
2600 2600 1 2600 1 2600 1
2600 2600 1 2600 2600 1 1
2600 2600 1 1 1 1 1
2700 2700 11.40 2700 2700 2700 2700
2700 1 2700 1 2700 1 2700
2700 2700 2700 2700 2700 1 1
2700 2700 1 2700 2700 2700 1
2700 2700 1 2700 1 2700 1
2700 2700 1 2700 2700 1 1
2700 2700 1 1 1 1 1
2800 2800 11.45 2800 2800 2800 2800
2800 1 2800 1 2800 1 2800
2800 2800 2800 2800 2800 1 1
2800 2800 1 2800 2800 2800 1
2800 2800 1 2800 1 2800 1
2800 2800 1 2800 2800 1 1
2800 2800 1 1 1 1 1
2900 2900 11.50 2900 2900 2900 2900
2900 1 2900 1 2900 1 2900
2900 2900 2900 2900 2900 1 1
2900 2900 1 2900 2900 2900 1
2900 2900 1 2900 1 2900 1
2900 2900 1 2900 2900 1 1
2900 2900 1 1 1 1 1
3000 3000 11.55 3000 3000 3000 3000
3000 1 3000 1 3000 1 3000
3000 3000 3000 3000 3000 1 1
3000 3000 1 3000 3000 3000 1
3000 3000 1 3000 1 3000 1
3000 3000 1 3000 3000 1 1
3000 3000 1 1 1 1 1
3100 3100 11.60 3100 3100 3100 3100
3100 1 3100 1 3100 1 3100
3100 3100 3100 3100 3100 1 1
3100 3100 1 3100 3100 3100 1
3100 3100 1 3100 1 3100 1
3100 3100 1 3100 3100 1 1
3100 3100 1 1 1 1 1
3200 3200 11.64 3200 3200 3200 3200
3200 1 3200 1 3200 1 3200
3200 3200 3200 3200 3200 1 1
3200 3200 1 3200 3200 3200 1
3200 3200 1 3200 1 3200 1
3200 3200 1 3200 3200 1 1
3200 3200 1 1 1 1 1
3300 3300 11.69 3300 3300 3300 3300
3300 1 3300 1 3300 1 3300
3300 3300 3300 3300 3300 1 1
3300 3300 1 3300 3300 3300 1
3300 3300 1 3300 1 3300 1
3300 3300 1 3300 3300 1 1
3300 3300 1 1 1 1 1
3400 3400 11.73 3400 3400 3400 3400
3400 1 3400 1 3400 1 3400
3400 3400 3400 3400 3400 1 1
3400 3400 1 3400 3400 3400 1
3400 3400 1 3400 1 3400 1
3400 3400 1 3400 3400 1 1
3400 3400 1 1 1 1 1
3500 3500 11.77 3500 3500 3500 3500
3500 1 3500 1 3500 1 3500
3500 3500 3500 3500 3500 1 1
3500 3500 1 3500 3500 3500 1
3500 3500 1 3500 1 3500 1
3500 3500 1 3500 3500 1 1
3500 3500 1 1 1 1 1
3600 3600 11.81 3600 3600 3600 3600
3600 1 3600 1 3600 1 3600
3600 3600 3600 3600 3600 1 1
3600 3600 1 3600 3600 3600 1
3600 3600 1 3600 1 3600 1
3600 3600 1 3600 3600 1 1
3600 3600 1 1 1 1 1
3700 3700 11.85 3700 3700 3700 3700
3700 1 3700 1 3700 1 3700
3700 3700 3700 3700 3700 1 1
3700 3700 1 3700 3700 3700 1
3700 3700 1 3700 1 3700 1
3700 3700 1 3700 3700 1 1
3700 3700 1 1 1 1 1
3800 3800 11.89 3800 3800 3800 3800
3800 1 3800 1 3800 1 3800
3800 3800 3800 3800 3800 1 1
3800 3800 1 3800 3800 3800 1
3800 3800 1 3800 1 3800 1
3800 3800 1 3800 3800 1 1
3800 3800 1 1 1 1 1
3900 3900 11.93 3900 3900 3900 3900
3900 1 3900 1 3900 1 3900
3900 3900 3900 3900 3900 1 1
3900 3900 1 3900 3900 3900 1
3900 3900 1 3900 1 3900 1
3900 3900 1 3900 3900 1 1
3900 3900 1 1 1 1 1
4000 4000 11.97 4000 4000 4000 4000
4000 1 4000 1 4000 1 4000
4000 4000 4000 4000 4000 1 1
4000 4000 1 4000 4000 4000 1
4000 4000 1 4000 1 4000 1
4000 4000 1 4000 4000 1 1
4000 4000 1 1 1 1 1
4100 4100 12.00 4100 4100 4100 4100
4100 1 4100 1 4100 1 4100
4100 4100 4100 4100 4100 1 1
4100 4100 1 4100 4100 4100 1
4100 4100 1 4100 1 4100 1
4100 4100 1 4100 4100 1 1
4100 4100 1 1 1 1 1
4200 4200 12.04 4200 4200 4200 4200
4200 1 4200 1 4200 1 4200
4200 4200 4200 4200 4200 1 1
4200 4200 1 4200 4200 4200 1
4200 4200 1 4200 1 4200 1
4200 4200 1 4200 4200 1 1
4200 4200 1 1 1 1 1
4300 4300 12.07 4300 4300 4300 4300
4300 1 4300 1 4300 1 4300
4300 4300 4300 4300 4300 1 1
4300 4300 1 4300 4300 4300 1
4300 4300 1 4300 1 4300 1
4300 4300 1 4300 4300 1 1
4300 4300 1 1 1 1 1
4400 4400 12.10 4400 4400 4400 4400
4400 1 4400 1 4400 1 4400
4400 4400 4400 4400 4400 1 1
4400 4400 1 4400 4400 4400 1
4400 4400 1 4400 1 4400 1
4400 4400 1 4400 4400 1 1
4400 4400 1 1 1 1 1
4500 4500 12.14 4500 4500 4500 4500
4500 1 4500 1 4500 1 4500
4500 4500 4500 4500 4500 1 1
4500 4500 1 4500 4500 4500 1
4500 4500 1 4500 1 4500 1
4500 4500 1 4500 4500 1 1
4500 4500 1 1 1 1 1
4600 4600 12.17 4600 4600 4600 4600
4600 1 4600 1 4600 1 4600
4600 4600 4600 4600 4600 1 1
4600 4600 1 4600 4600 4600 1
4600 4600 1 4600 1 4600 1
4600 4600 1 4600 4600 1 1
4600 4600 1 1 1 1 1
4700 4700 12.20 4700 4700 4700 4700
4700 1 4700 1 4700 1 4700
4700 4700 4700 4700 4700 1 1
4700 4700 1 4700 4700 4700 1
4700 4700 1 4700 1 4700 1
4700 4700 1 4700 4700 1 1
4700 4700 1 1 1 1 1
4800 4800 12.23 4800 4800 4800 4800
4800 1 4800 1 4800 1 4800
4800 4800 4800 4800 4800 1 1
4800 4800 1 4800 4800 4800 1
4800 4800 1 4800 1 4800 1
4800 4800 1 4800 4800 1 1
4800 4800 1 1 1 1 1
4900 4900 12.26 4900 4900 4900 4900
4900 1 4900 1 4900 1 4900
4900 4900 4900 4900 4900 1 1
4900 4900 1 4900 4900 4900 1
4900 4900 1 4900 1 4900 1
4900 4900 1 4900 4900 1 1
4900 4900 1 1 1 1 1
5000 5000 12.29 5000 5000 5000 5000
5000 1 5000 1 5000 1 5000
5000 5000 5000 5000 5000 1 1
5000 5000 1 5000 5000 5000 1
5000 5000 1 5000 1 5000 1
5000 5000 1 5000 5000 1 1
5000 5000 1 1 1 1 1
